#                Leading-edgr radius/chord for index of:          
# t/c      1        2        3        4        5        6        7        8
0.05  0.000077 0.000306 0.000689 0.001224 0.001913 0.002755 0.003749 0.004897
0.06  0.000110 0.000441 0.000992 0.001763 0.002755 0.003967 0.005399 0.007052
0.07  0.000150 0.000600 0.001350 0.002400 0.003749 0.005399 0.007349 0.009599
0.08  0.000196 0.000784 0.001763 0.003134 0.004897 0.007052 0.009599 0.012537
0.09  0.000248 0.000992 0.002231 0.003967 0.006198 0.008925 0.012148 0.015867
0.10  0.000306 0.001224 0.002755 0.004897 0.007652 0.011019 0.014998 0.019589
0.11  0.000370 0.001481 0.003333 0.005925 0.009259 0.013333 0.018147 0.023703
0.12  0.000441 0.001763 0.003967 0.007052 0.011019 0.015867 0.021597 0.028208
0.13  0.000517 0.002069 0.004655 0.008276 0.012932 0.018622 0.025346 0.033105
0.14  0.000600 0.002400 0.005399 0.009599 0.014998 0.021597 0.029395 0.038394
0.15  0.000689 0.002755 0.006198 0.011019 0.017217 0.024792 0.033745 0.044075
0.16  0.000784 0.003134 0.007052 0.012537 0.019589 0.028208 0.038394 0.050147
0.17  0.000885 0.003438 0.007961 0.014153 0.022114 0.031844 0.043343 0.056612
0.18  0.000992 0.003967 0.008925 0.015867 0.024792 0.035701 0.048592 0.063468
0.19  0.001105 0.004420 0.009944 0.017679 0.027623 0.039778 0.054142 0.070716
0.20  0.001224 0.004897 0.011019 0.019589 0.030608 0.044075 0.059991 0.078355
0.21  0.001350 0.005399 0.012148 0.021597 0.033745 0.048592 0.066140 0.086387

